16/11/2566 : 0000 UTC

TTAA  66001 48327 99983 23217 00000 00161 ///// ///// 92842
22456 06006 85573 17448 09512 70211 09258 11511 50593 04964
19010 40765 14370 23508 30977 28369 23014 25105 39364 24513
20253 52762 23511 15433 67563 23020 10667 81363 24016 88106
81362 24510 77999 31313 48402 82322=

TTBB  6600/ 48327 00983 23217 11967 22241 22948 23456 33933
23257 44837 16443 55837 16443 66663 07861 77655 07262 88605
02057 99602 01857 11590 02870 22584 02672 33577 02073 44504
04566 55487 06759 66480 06369 77468 06972 88428 12561 99402
13971 11382 16372 22287 30770 33210 49960 44203 51960 55191
54370 66180 57960 77147 68764 88125 74368 99107 81162 11101
81763 21212 11983 00000 22982 00543 33973 06502 44941 12002
55878 10010 66836 09012 77792 11013 88650 13515 99612 13510
11590 16010 22508 18010 33494 20010 44435 23510 55375 20512
66362 22513 77343 21010 88315 24510 99285 20514 11268 24015
22239 25010 33216 24509 44190 24515 55179 22520 66166 24020
77144 22527 88140 22529 99133 23525 11123 27523 22112 29016
33103 23014 31313 48402 82322 41414 /////=

TTCC  66003 48327 70871 75367 33009 50070 66574 24504 30387
58381 11024 88999 77999 31313 48402 82322=

TTDD  6600/ 48327 11930 78367 22793 79164 33651 71770 44601
72969 55529 65774 66463 66375 77344 58181 88289 58581 21212
11858 27503 22694 33510 33680 36014 44679 36014 55660 02018
66632 05010 77607 04001 88459 00000 99334 11512 11289 11024
31313 48402 82322=

PPBB  66000 48327 90/23 00000 07507 10009 90467 09511 11013
11012 9089/ 11014 11011 91246 13514 15009 16008 9205/ 20508
22509 9305/ 24010 24014 9405/ 24010 24021 9504/ 26522 23015=

PPDD  66000 48327 9605/ 32507 34507 9705/ 07501 10009=

